object={
	name="steppe_bush_01_generator_0"
	render_pass=Map
	clamp_to_water_level=no
	generated_content=yes
	layer="grass_layer"
	pdxmesh="steppe_bush_01_mesh"
	count=12
	transform="1708.949707 0.000000 1146.235962 0.000000 0.322473 0.000000 -0.946579 0.724109 0.724109 0.724109
1719.588867 0.000000 1131.575195 0.000000 0.990023 0.000000 -0.140907 0.523913 0.523913 0.523913
1717.457520 0.000000 1127.845825 0.000000 0.995794 0.000000 0.091617 0.483451 0.483451 0.483451
1711.181274 0.000000 1148.684937 0.000000 0.152249 0.000000 -0.988342 0.772579 0.772579 0.772579
1716.877319 0.000000 1131.650635 0.000000 0.775508 0.000000 -0.631337 0.614291 0.614291 0.614291
1719.079956 0.000000 1129.417480 0.000000 0.243816 0.000000 -0.969821 0.754614 0.754614 0.754614
1709.178711 0.000000 1148.881958 0.000000 0.891960 0.000000 0.452115 0.413037 0.413037 0.413037
1717.197632 0.000000 1129.737915 0.000000 0.763003 0.000000 -0.646395 0.632041 0.632041 0.632041
1710.597412 0.000000 1146.933960 0.000000 0.063946 0.000000 0.997953 0.218804 0.218804 0.218804
1719.004517 0.000000 1127.024414 0.000000 0.992998 0.000000 -0.118131 0.521653 0.521653 0.521653
1716.341431 0.000000 1126.448364 0.000000 0.405904 0.000000 -0.913916 0.707942 0.707942 0.707942
1719.560913 0.000000 1128.211670 0.000000 0.987136 0.000000 -0.159883 0.530867 0.530867 0.530867
"}
