object={
	name="tree_pine_01_a_generator_1_0"
	render_pass=Map
	clamp_to_water_level=no
	generated_content=yes
	layer="tree_high_layer"
	pdxmesh="tree_pine_single_01_a_mesh"
	count=118
	transform="1598.173340 0.000000 1139.099121 0.000000 0.813112 0.000000 0.582108 1.000000 1.000000 1.000000
1580.949707 0.000000 1146.235962 0.000000 0.274134 0.000000 0.961691 1.000000 1.000000 1.000000
1596.728638 0.000000 1143.943481 0.000000 0.607683 0.000000 0.794180 1.000000 1.000000 1.000000
1583.768066 0.000000 1143.587402 0.000000 0.076738 0.000000 0.997051 1.000000 1.000000 1.000000
1598.933350 0.000000 1141.930298 0.000000 0.755807 0.000000 0.654794 1.000000 1.000000 1.000000
1584.562744 0.000000 1146.309326 0.000000 0.800096 0.000000 0.599872 1.000000 1.000000 1.000000
1599.694702 0.000000 1124.460327 0.000000 0.593728 0.000000 0.804666 1.000000 1.000000 1.000000
1598.276367 0.000000 1126.096924 0.000000 0.766964 0.000000 0.641690 1.000000 1.000000 1.000000
1581.178711 0.000000 1148.881958 0.000000 0.844286 0.000000 0.535892 1.000000 1.000000 1.000000
1594.236816 0.000000 1139.846802 0.000000 0.046279 0.000000 0.998929 1.000000 1.000000 1.000000
1594.795532 0.000000 1136.373413 0.000000 0.849756 0.000000 0.527176 1.000000 1.000000 1.000000
1597.202515 0.000000 1140.397339 0.000000 0.446025 0.000000 0.895021 1.000000 1.000000 1.000000
1584.687866 0.000000 1149.326294 0.000000 0.686152 0.000000 0.727458 1.000000 1.000000 1.000000
1584.698975 0.000000 1147.762817 0.000000 0.575321 0.000000 0.817928 1.000000 1.000000 1.000000
1583.615234 0.000000 1149.985474 0.000000 0.066018 0.000000 0.997818 1.000000 1.000000 1.000000
1600.712646 0.000000 1122.175537 0.000000 0.684356 0.000000 0.729148 1.000000 1.000000 1.000000
1613.428833 0.000000 1144.461914 0.000000 0.047903 0.000000 0.998852 1.000000 1.000000 1.000000
1619.627563 0.000000 1126.229858 0.000000 0.365834 0.000000 0.930680 1.000000 1.000000 1.000000
1625.410400 0.000000 1124.740967 0.000000 0.855643 0.000000 0.517566 1.000000 1.000000 1.000000
1642.893677 0.000000 1109.241943 0.000000 0.470511 0.000000 0.882394 1.000000 1.000000 1.000000
1630.574585 0.000000 1132.103027 0.000000 0.825189 0.000000 0.564857 1.000000 1.000000 1.000000
1622.794189 0.000000 1128.649292 0.000000 0.152605 0.000000 0.988287 1.000000 1.000000 1.000000
1621.898193 0.000000 1150.725342 0.000000 0.495791 0.000000 0.868442 1.000000 1.000000 1.000000
1630.089478 0.000000 1127.723022 0.000000 0.734238 0.000000 0.678892 1.000000 1.000000 1.000000
1651.167358 0.000000 1098.150757 0.000000 0.718137 0.000000 0.695902 1.000000 1.000000 1.000000
1631.893433 0.000000 1113.480591 0.000000 0.753212 0.000000 0.657778 1.000000 1.000000 1.000000
1655.710083 0.000000 1120.172607 0.000000 0.087753 0.000000 0.996142 1.000000 1.000000 1.000000
1624.890625 0.000000 1131.964600 0.000000 0.495682 0.000000 0.868504 1.000000 1.000000 1.000000
1619.236816 0.000000 1149.685303 0.000000 0.700188 0.000000 0.713959 1.000000 1.000000 1.000000
1630.410522 0.000000 1120.941772 0.000000 0.119915 0.000000 0.992784 1.000000 1.000000 1.000000
1660.294434 0.000000 1117.041016 0.000000 0.715397 0.000000 0.698718 1.000000 1.000000 1.000000
1625.631714 0.000000 1107.833496 0.000000 0.067641 0.000000 0.997710 1.000000 1.000000 1.000000
1629.129639 0.000000 1125.459229 0.000000 0.648731 0.000000 0.761017 1.000000 1.000000 1.000000
1647.595947 0.000000 1141.427246 0.000000 0.643727 0.000000 0.765255 1.000000 1.000000 1.000000
1630.964600 0.000000 1125.805542 0.000000 0.132353 0.000000 0.991203 1.000000 1.000000 1.000000
1622.064941 0.000000 1104.063232 0.000000 0.759535 0.000000 0.650466 1.000000 1.000000 1.000000
1643.778564 0.000000 1110.714355 0.000000 0.738795 0.000000 0.673930 1.000000 1.000000 1.000000
1644.815552 0.000000 1115.248657 0.000000 0.088835 0.000000 0.996046 1.000000 1.000000 1.000000
1657.581177 0.000000 1123.667358 0.000000 0.425961 0.000000 0.904742 1.000000 1.000000 1.000000
1628.496216 0.000000 1112.964600 0.000000 0.532661 0.000000 0.846329 1.000000 1.000000 1.000000
1631.078003 0.000000 1122.618774 0.000000 0.850199 0.000000 0.526462 1.000000 1.000000 1.000000
1629.926392 0.000000 1126.416626 0.000000 0.294190 0.000000 0.955747 1.000000 1.000000 1.000000
1630.162109 0.000000 1124.853394 0.000000 0.377978 0.000000 0.925815 1.000000 1.000000 1.000000
1695.319092 0.000000 1143.947632 0.000000 0.668787 0.000000 0.743454 1.000000 1.000000 1.000000
1694.703125 0.000000 1136.679688 0.000000 0.759254 0.000000 0.650794 1.000000 1.000000 1.000000
1667.025757 0.000000 1117.487427 0.000000 0.454174 0.000000 0.890913 1.000000 1.000000 1.000000
1698.333984 0.000000 1139.662842 0.000000 0.733007 0.000000 0.680221 1.000000 1.000000 1.000000
1673.161621 0.000000 1146.236450 0.000000 0.643690 0.000000 0.765287 1.000000 1.000000 1.000000
1672.186768 0.000000 1124.134155 0.000000 0.781805 0.000000 0.623523 1.000000 1.000000 1.000000
1698.570923 0.000000 1143.112549 0.000000 0.152878 0.000000 0.988245 1.000000 1.000000 1.000000
1671.353149 0.000000 1149.442749 0.000000 0.300811 0.000000 0.953684 1.000000 1.000000 1.000000
1668.095703 0.000000 1104.938477 0.000000 0.193746 0.000000 0.981052 1.000000 1.000000 1.000000
1674.408936 0.000000 1118.619873 0.000000 0.483790 0.000000 0.875184 1.000000 1.000000 1.000000
1692.727417 0.000000 1137.973755 0.000000 0.288449 0.000000 0.957495 1.000000 1.000000 1.000000
1671.294556 0.000000 1147.354248 0.000000 0.338003 0.000000 0.941145 1.000000 1.000000 1.000000
1676.237549 0.000000 1149.246948 0.000000 0.197158 0.000000 0.980372 1.000000 1.000000 1.000000
1679.335083 0.000000 1151.497803 0.000000 0.583566 0.000000 0.812065 1.000000 1.000000 1.000000
1668.425171 0.000000 1127.459106 0.000000 0.365588 0.000000 0.930777 1.000000 1.000000 1.000000
1693.302490 0.000000 1136.640991 0.000000 0.822569 0.000000 0.568665 1.000000 1.000000 1.000000
1695.649048 0.000000 1141.443359 0.000000 0.860797 0.000000 0.508949 1.000000 1.000000 1.000000
1676.369751 0.000000 1151.919922 0.000000 0.383078 0.000000 0.923716 1.000000 1.000000 1.000000
1697.284058 0.000000 1140.388550 0.000000 0.083928 0.000000 0.996472 1.000000 1.000000 1.000000
1772.949707 0.000000 1146.235962 0.000000 0.770695 0.000000 0.637204 1.000000 1.000000 1.000000
1782.080200 0.000000 1150.430054 0.000000 0.332459 0.000000 0.943118 1.000000 1.000000 1.000000
1759.928833 0.000000 1151.411377 0.000000 0.541904 0.000000 0.840441 1.000000 1.000000 1.000000
1772.732910 0.000000 1143.104614 0.000000 0.850429 0.000000 0.526089 1.000000 1.000000 1.000000
1769.916748 0.000000 1151.792969 0.000000 0.709137 0.000000 0.705071 1.000000 1.000000 1.000000
1587.606567 0.000000 1155.285034 0.000000 0.109206 0.000000 0.994019 1.000000 1.000000 1.000000
1584.732300 0.000000 1156.006470 0.000000 0.202114 0.000000 0.979362 1.000000 1.000000 1.000000
1586.477783 0.000000 1158.194336 0.000000 0.280974 0.000000 0.959715 1.000000 1.000000 1.000000
1585.436401 0.000000 1160.522949 0.000000 0.507756 0.000000 0.861501 1.000000 1.000000 1.000000
1585.723877 0.000000 1153.977539 0.000000 0.651584 0.000000 0.758577 1.000000 1.000000 1.000000
1663.362305 0.000000 1158.895264 0.000000 0.012235 0.000000 0.999925 1.000000 1.000000 1.000000
1658.356689 0.000000 1153.698120 0.000000 0.276139 0.000000 0.961118 1.000000 1.000000 1.000000
1637.385620 0.000000 1165.613403 0.000000 0.518155 0.000000 0.855287 1.000000 1.000000 1.000000
1635.974487 0.000000 1160.327515 0.000000 0.723950 0.000000 0.689853 1.000000 1.000000 1.000000
1635.569336 0.000000 1170.871094 0.000000 0.795600 0.000000 0.605823 1.000000 1.000000 1.000000
1634.254395 0.000000 1167.647949 0.000000 0.314440 0.000000 0.949277 1.000000 1.000000 1.000000
1635.213013 0.000000 1165.156372 0.000000 0.059446 0.000000 0.998231 1.000000 1.000000 1.000000
1637.410034 0.000000 1170.502808 0.000000 0.192005 0.000000 0.981394 1.000000 1.000000 1.000000
1634.241943 0.000000 1169.576294 0.000000 0.839744 0.000000 0.542982 1.000000 1.000000 1.000000
1637.683105 0.000000 1161.140625 0.000000 0.431637 0.000000 0.902048 1.000000 1.000000 1.000000
1636.278320 0.000000 1161.805420 0.000000 0.392584 0.000000 0.919716 1.000000 1.000000 1.000000
1638.368652 0.000000 1160.043701 0.000000 0.351425 0.000000 0.936216 1.000000 1.000000 1.000000
1680.590576 0.000000 1155.759033 0.000000 0.164799 0.000000 0.986327 1.000000 1.000000 1.000000
1720.699219 0.000000 1191.607056 0.000000 0.801290 0.000000 0.598276 1.000000 1.000000 1.000000
1679.404663 0.000000 1152.101074 0.000000 0.194030 0.000000 0.980996 1.000000 1.000000 1.000000
1677.661011 0.000000 1154.814941 0.000000 0.218890 0.000000 0.975750 1.000000 1.000000 1.000000
1722.345093 0.000000 1193.899170 0.000000 0.005776 0.000000 0.999983 1.000000 1.000000 1.000000
1678.549927 0.000000 1157.160278 0.000000 0.408038 0.000000 0.912965 1.000000 1.000000 1.000000
1674.602051 0.000000 1160.344116 0.000000 0.213167 0.000000 0.977016 1.000000 1.000000 1.000000
1665.458496 0.000000 1165.745361 0.000000 0.585133 0.000000 0.810937 1.000000 1.000000 1.000000
1678.910156 0.000000 1153.695190 0.000000 0.245383 0.000000 0.969426 1.000000 1.000000 1.000000
1676.055176 0.000000 1159.463013 0.000000 0.775943 0.000000 0.630803 1.000000 1.000000 1.000000
1678.957153 0.000000 1155.662964 0.000000 0.853708 0.000000 0.520752 1.000000 1.000000 1.000000
1721.061646 0.000000 1192.935303 0.000000 0.248638 0.000000 0.968596 1.000000 1.000000 1.000000
1677.713379 0.000000 1161.749512 0.000000 0.642971 0.000000 0.765891 1.000000 1.000000 1.000000
1728.712646 0.000000 1186.175537 0.000000 0.284380 0.000000 0.958712 1.000000 1.000000 1.000000
1753.014648 0.000000 1174.339844 0.000000 0.855841 0.000000 0.517239 1.000000 1.000000 1.000000
1744.207397 0.000000 1178.596069 0.000000 0.469043 0.000000 0.883175 1.000000 1.000000 1.000000
1780.888672 0.000000 1159.308228 0.000000 0.398972 0.000000 0.916963 1.000000 1.000000 1.000000
1757.504639 0.000000 1153.727539 0.000000 0.226295 0.000000 0.974059 1.000000 1.000000 1.000000
1744.590576 0.000000 1155.759033 0.000000 0.581668 0.000000 0.813426 1.000000 1.000000 1.000000
1738.628174 0.000000 1185.324707 0.000000 0.763145 0.000000 0.646227 1.000000 1.000000 1.000000
1784.031128 0.000000 1156.688599 0.000000 0.631887 0.000000 0.775060 1.000000 1.000000 1.000000
1743.504517 0.000000 1181.846924 0.000000 0.689541 0.000000 0.724247 1.000000 1.000000 1.000000
1731.059570 0.000000 1187.984131 0.000000 0.339446 0.000000 0.940625 1.000000 1.000000 1.000000
1763.569336 0.000000 1170.871094 0.000000 0.241468 0.000000 0.970409 1.000000 1.000000 1.000000
1789.418335 0.000000 1160.048462 0.000000 0.152336 0.000000 0.988329 1.000000 1.000000 1.000000
1748.724976 0.000000 1158.987549 0.000000 0.233951 0.000000 0.972248 1.000000 1.000000 1.000000
1749.727051 0.000000 1156.411743 0.000000 0.467125 0.000000 0.884191 1.000000 1.000000 1.000000
1778.591675 0.000000 1203.100586 0.000000 0.696592 0.000000 0.717468 1.000000 1.000000 1.000000
1789.957886 0.000000 1193.449097 0.000000 0.830485 0.000000 0.557041 1.000000 1.000000 1.000000
1808.590576 0.000000 1155.759033 0.000000 0.528259 0.000000 0.849083 1.000000 1.000000 1.000000
1800.166138 0.000000 1184.014404 0.000000 0.801398 0.000000 0.598131 1.000000 1.000000 1.000000
1792.085083 0.000000 1193.292480 0.000000 0.444804 0.000000 0.895628 1.000000 1.000000 1.000000
1810.673462 0.000000 1155.353638 0.000000 0.414244 0.000000 0.910166 1.000000 1.000000 1.000000
1809.475098 0.000000 1154.774780 0.000000 0.195703 0.000000 0.980663 1.000000 1.000000 1.000000
"}
object={
	name="tree_pine_01_a_generator_1_1"
	render_pass=Map
	clamp_to_water_level=no
	generated_content=yes
	layer="tree_high_layer"
	pdxmesh="tree_pine_single_01_b_mesh"
	count=128
	transform="1597.275879 0.000000 1124.162109 0.000000 0.978222 0.000000 0.207561 1.000000 1.000000 1.000000
1587.179810 0.000000 1142.579102 0.000000 0.866675 0.000000 0.498874 1.000000 1.000000 1.000000
1580.478394 0.000000 1150.695435 0.000000 0.907173 0.000000 -0.420759 1.000000 1.000000 1.000000
1583.181274 0.000000 1148.684937 0.000000 0.913556 0.000000 0.406713 1.000000 1.000000 1.000000
1595.648315 0.000000 1141.040283 0.000000 0.927249 0.000000 0.374446 1.000000 1.000000 1.000000
1594.520630 0.000000 1138.185059 0.000000 0.987920 0.000000 -0.154962 1.000000 1.000000 1.000000
1584.365601 0.000000 1150.988403 0.000000 0.999918 0.000000 0.012785 1.000000 1.000000 1.000000
1583.595947 0.000000 1141.427246 0.000000 0.999363 0.000000 0.035694 1.000000 1.000000 1.000000
1582.349976 0.000000 1151.578979 0.000000 0.906316 0.000000 0.422601 1.000000 1.000000 1.000000
1585.350220 0.000000 1142.158203 0.000000 0.937989 0.000000 -0.346664 1.000000 1.000000 1.000000
1595.596313 0.000000 1139.730713 0.000000 0.881228 0.000000 -0.472691 1.000000 1.000000 1.000000
1580.168335 0.000000 1148.091309 0.000000 0.986712 0.000000 -0.162477 1.000000 1.000000 1.000000
1597.919434 0.000000 1141.302734 0.000000 0.960354 0.000000 -0.278785 1.000000 1.000000 1.000000
1583.298950 0.000000 1146.151367 0.000000 0.994748 0.000000 0.102353 1.000000 1.000000 1.000000
1648.281738 0.000000 1109.950928 0.000000 0.996670 0.000000 -0.081541 1.000000 1.000000 1.000000
1659.275146 0.000000 1114.601440 0.000000 0.969490 0.000000 0.245131 1.000000 1.000000 1.000000
1645.650391 0.000000 1140.468506 0.000000 0.909905 0.000000 0.414816 1.000000 1.000000 1.000000
1649.762573 0.000000 1101.487793 0.000000 1.000000 0.000000 0.000607 1.000000 1.000000 1.000000
1630.934204 0.000000 1116.268188 0.000000 0.955650 0.000000 0.294505 1.000000 1.000000 1.000000
1655.376587 0.000000 1108.529785 0.000000 0.874715 0.000000 -0.484637 1.000000 1.000000 1.000000
1630.720093 0.000000 1123.818970 0.000000 0.967538 0.000000 -0.252724 1.000000 1.000000 1.000000
1653.524048 0.000000 1118.232056 0.000000 0.965823 0.000000 0.259203 1.000000 1.000000 1.000000
1622.067505 0.000000 1132.634521 0.000000 0.999063 0.000000 -0.043286 1.000000 1.000000 1.000000
1608.725952 0.000000 1142.708008 0.000000 0.989345 0.000000 -0.145592 1.000000 1.000000 1.000000
1626.162476 0.000000 1115.509766 0.000000 0.942367 0.000000 -0.334582 1.000000 1.000000 1.000000
1629.620728 0.000000 1111.662842 0.000000 0.936181 0.000000 -0.351520 1.000000 1.000000 1.000000
1660.728638 0.000000 1143.943481 0.000000 0.995086 0.000000 0.099016 1.000000 1.000000 1.000000
1623.028442 0.000000 1106.613525 0.000000 0.999906 0.000000 -0.013710 1.000000 1.000000 1.000000
1647.768066 0.000000 1143.587402 0.000000 0.987270 0.000000 -0.159055 1.000000 1.000000 1.000000
1648.907471 0.000000 1139.574097 0.000000 0.883266 0.000000 0.468872 1.000000 1.000000 1.000000
1652.878174 0.000000 1121.461426 0.000000 0.991566 0.000000 0.129606 1.000000 1.000000 1.000000
1620.391357 0.000000 1104.639160 0.000000 0.973836 0.000000 0.227250 1.000000 1.000000 1.000000
1663.692627 0.000000 1106.553345 0.000000 0.964245 0.000000 -0.265012 1.000000 1.000000 1.000000
1627.274902 0.000000 1126.917725 0.000000 0.900103 0.000000 -0.435677 1.000000 1.000000 1.000000
1659.354004 0.000000 1151.140015 0.000000 0.912495 0.000000 -0.409088 1.000000 1.000000 1.000000
1629.050293 0.000000 1114.360352 0.000000 0.934570 0.000000 -0.355779 1.000000 1.000000 1.000000
1646.923584 0.000000 1115.676880 0.000000 0.910400 0.000000 0.413728 1.000000 1.000000 1.000000
1627.797241 0.000000 1132.270020 0.000000 0.924416 0.000000 0.381387 1.000000 1.000000 1.000000
1657.340332 0.000000 1125.163208 0.000000 0.999998 0.000000 -0.002211 1.000000 1.000000 1.000000
1624.618164 0.000000 1127.050781 0.000000 0.986263 0.000000 -0.165184 1.000000 1.000000 1.000000
1629.342285 0.000000 1130.044189 0.000000 0.905287 0.000000 0.424800 1.000000 1.000000 1.000000
1624.026245 0.000000 1104.245850 0.000000 0.999499 0.000000 -0.031643 1.000000 1.000000 1.000000
1621.859253 0.000000 1126.653564 0.000000 0.994836 0.000000 -0.101492 1.000000 1.000000 1.000000
1627.987427 0.000000 1136.046387 0.000000 0.964997 0.000000 0.262262 1.000000 1.000000 1.000000
1627.277954 0.000000 1124.911011 0.000000 0.965022 0.000000 0.262169 1.000000 1.000000 1.000000
1652.555420 0.000000 1099.181030 0.000000 0.989359 0.000000 0.145496 1.000000 1.000000 1.000000
1644.251709 0.000000 1112.237793 0.000000 0.997906 0.000000 -0.064687 1.000000 1.000000 1.000000
1645.982910 0.000000 1112.565430 0.000000 0.968418 0.000000 -0.249332 1.000000 1.000000 1.000000
1610.654541 0.000000 1145.183472 0.000000 0.910868 0.000000 -0.412698 1.000000 1.000000 1.000000
1629.094116 0.000000 1123.990601 0.000000 0.934762 0.000000 -0.355275 1.000000 1.000000 1.000000
1628.080811 0.000000 1130.833374 0.000000 0.951259 0.000000 0.308392 1.000000 1.000000 1.000000
1621.492432 0.000000 1127.931274 0.000000 0.999884 0.000000 -0.015260 1.000000 1.000000 1.000000
1631.536255 0.000000 1124.795166 0.000000 0.993680 0.000000 0.112249 1.000000 1.000000 1.000000
1665.974854 0.000000 1131.022827 0.000000 0.989733 0.000000 -0.142927 1.000000 1.000000 1.000000
1669.561279 0.000000 1146.570312 0.000000 0.994097 0.000000 -0.108496 1.000000 1.000000 1.000000
1677.428833 0.000000 1144.461914 0.000000 0.937026 0.000000 -0.349260 1.000000 1.000000 1.000000
1680.370483 0.000000 1150.160278 0.000000 0.999078 0.000000 -0.042926 1.000000 1.000000 1.000000
1669.360718 0.000000 1112.334473 0.000000 0.934830 0.000000 0.355094 1.000000 1.000000 1.000000
1674.628174 0.000000 1121.324707 0.000000 0.996175 0.000000 -0.087381 1.000000 1.000000 1.000000
1669.424927 0.000000 1107.414673 0.000000 0.955367 0.000000 -0.295422 1.000000 1.000000 1.000000
1669.248779 0.000000 1129.675903 0.000000 0.999639 0.000000 -0.026859 1.000000 1.000000 1.000000
1690.568115 0.000000 1137.466431 0.000000 0.899395 0.000000 -0.437137 1.000000 1.000000 1.000000
1666.896973 0.000000 1128.012817 0.000000 0.932442 0.000000 -0.361320 1.000000 1.000000 1.000000
1693.194336 0.000000 1134.420654 0.000000 0.996213 0.000000 0.086941 1.000000 1.000000 1.000000
1670.319214 0.000000 1127.887207 0.000000 0.928450 0.000000 -0.371459 1.000000 1.000000 1.000000
1678.557983 0.000000 1149.532837 0.000000 0.968550 0.000000 0.248818 1.000000 1.000000 1.000000
1671.399536 0.000000 1102.179443 0.000000 0.998873 0.000000 -0.047473 1.000000 1.000000 1.000000
1674.793701 0.000000 1148.008179 0.000000 0.896296 0.000000 0.443455 1.000000 1.000000 1.000000
1677.434937 0.000000 1149.115112 0.000000 0.996214 0.000000 -0.086930 1.000000 1.000000 1.000000
1695.654541 0.000000 1138.868774 0.000000 0.990875 0.000000 -0.134785 1.000000 1.000000 1.000000
1676.572144 0.000000 1150.272705 0.000000 0.866378 0.000000 -0.499390 1.000000 1.000000 1.000000
1756.504150 0.000000 1150.992310 0.000000 0.937875 0.000000 0.346974 1.000000 1.000000 1.000000
1780.094849 0.000000 1149.647461 0.000000 0.991373 0.000000 0.131070 1.000000 1.000000 1.000000
1583.553467 0.000000 1153.432007 0.000000 0.995603 0.000000 0.093675 1.000000 1.000000 1.000000
1580.305664 0.000000 1152.071289 0.000000 0.984610 0.000000 -0.174767 1.000000 1.000000 1.000000
1587.088501 0.000000 1152.206421 0.000000 0.993573 0.000000 0.113195 1.000000 1.000000 1.000000
1585.116943 0.000000 1159.123657 0.000000 0.964880 0.000000 -0.262692 1.000000 1.000000 1.000000
1585.987305 0.000000 1152.744263 0.000000 0.936501 0.000000 -0.350665 1.000000 1.000000 1.000000
1633.790161 0.000000 1172.919434 0.000000 0.943072 0.000000 -0.332587 1.000000 1.000000 1.000000
1637.428711 0.000000 1157.748779 0.000000 0.995879 0.000000 -0.090691 1.000000 1.000000 1.000000
1636.396973 0.000000 1168.374512 0.000000 0.987462 0.000000 0.157857 1.000000 1.000000 1.000000
1639.417358 0.000000 1160.753906 0.000000 0.970013 0.000000 0.243053 1.000000 1.000000 1.000000
1652.455688 0.000000 1166.905273 0.000000 0.984655 0.000000 0.174515 1.000000 1.000000 1.000000
1659.323608 0.000000 1155.964722 0.000000 0.976926 0.000000 -0.213579 1.000000 1.000000 1.000000
1649.436401 0.000000 1160.522949 0.000000 0.903509 0.000000 -0.428569 1.000000 1.000000 1.000000
1649.481201 0.000000 1163.448608 0.000000 0.887059 0.000000 -0.461656 1.000000 1.000000 1.000000
1660.566406 0.000000 1154.398315 0.000000 0.925531 0.000000 0.378671 1.000000 1.000000 1.000000
1639.011108 0.000000 1158.859009 0.000000 0.997853 0.000000 0.065498 1.000000 1.000000 1.000000
1659.788574 0.000000 1152.675903 0.000000 0.982509 0.000000 -0.186213 1.000000 1.000000 1.000000
1635.999146 0.000000 1166.674927 0.000000 0.984137 0.000000 -0.177410 1.000000 1.000000 1.000000
1637.322632 0.000000 1159.413086 0.000000 0.999980 0.000000 -0.006321 1.000000 1.000000 1.000000
1636.749146 0.000000 1171.931274 0.000000 0.922968 0.000000 -0.384877 1.000000 1.000000 1.000000
1658.395020 0.000000 1152.222656 0.000000 0.999596 0.000000 -0.028424 1.000000 1.000000 1.000000
1676.172119 0.000000 1157.928101 0.000000 0.999544 0.000000 0.030203 1.000000 1.000000 1.000000
1664.013794 0.000000 1164.653442 0.000000 0.921045 0.000000 -0.389457 1.000000 1.000000 1.000000
1673.876587 0.000000 1155.766846 0.000000 0.938530 0.000000 -0.345198 1.000000 1.000000 1.000000
1719.079956 0.000000 1193.417480 0.000000 0.931927 0.000000 -0.362646 1.000000 1.000000 1.000000
1677.905029 0.000000 1159.240967 0.000000 0.964227 0.000000 -0.265079 1.000000 1.000000 1.000000
1673.366089 0.000000 1153.546997 0.000000 0.992432 0.000000 -0.122799 1.000000 1.000000 1.000000
1677.405640 0.000000 1152.711426 0.000000 0.867807 0.000000 0.496902 1.000000 1.000000 1.000000
1675.593994 0.000000 1154.826294 0.000000 0.987029 0.000000 -0.160543 1.000000 1.000000 1.000000
1672.145020 0.000000 1155.062622 0.000000 0.992074 0.000000 0.125656 1.000000 1.000000 1.000000
1674.033081 0.000000 1152.003052 0.000000 0.924001 0.000000 0.382391 1.000000 1.000000 1.000000
1747.637207 0.000000 1161.028809 0.000000 0.960429 0.000000 -0.278525 1.000000 1.000000 1.000000
1787.670044 0.000000 1158.378418 0.000000 0.868569 0.000000 0.495569 1.000000 1.000000 1.000000
1751.480469 0.000000 1157.307617 0.000000 0.999773 0.000000 -0.021303 1.000000 1.000000 1.000000
1775.760254 0.000000 1158.595703 0.000000 0.996100 0.000000 -0.088235 1.000000 1.000000 1.000000
1790.313843 0.000000 1192.150757 0.000000 0.982118 0.000000 0.188268 1.000000 1.000000 1.000000
1760.448853 0.000000 1169.080078 0.000000 0.993913 0.000000 -0.110166 1.000000 1.000000 1.000000
1776.907471 0.000000 1203.574097 0.000000 0.874624 0.000000 0.484803 1.000000 1.000000 1.000000
1761.277344 0.000000 1165.673218 0.000000 0.874689 0.000000 -0.484685 1.000000 1.000000 1.000000
1741.661011 0.000000 1154.814941 0.000000 0.932937 0.000000 -0.360040 1.000000 1.000000 1.000000
1750.151001 0.000000 1175.355591 0.000000 0.987957 0.000000 0.154729 1.000000 1.000000 1.000000
1789.166260 0.000000 1165.213135 0.000000 0.997162 0.000000 0.075291 1.000000 1.000000 1.000000
1773.615356 0.000000 1160.482056 0.000000 0.999631 0.000000 -0.027154 1.000000 1.000000 1.000000
1778.623047 0.000000 1200.116577 0.000000 0.998705 0.000000 -0.050883 1.000000 1.000000 1.000000
1759.094360 0.000000 1166.609375 0.000000 0.996377 0.000000 -0.085051 1.000000 1.000000 1.000000
1756.133301 0.000000 1152.063354 0.000000 0.995556 0.000000 0.094167 1.000000 1.000000 1.000000
1760.616577 0.000000 1167.394165 0.000000 0.963998 0.000000 -0.265908 1.000000 1.000000 1.000000
1762.062622 0.000000 1171.264893 0.000000 0.984543 0.000000 -0.175141 1.000000 1.000000 1.000000
1793.974854 0.000000 1195.022827 0.000000 0.967379 0.000000 -0.253334 1.000000 1.000000 1.000000
1802.125244 0.000000 1176.783813 0.000000 0.981274 0.000000 -0.192615 1.000000 1.000000 1.000000
1807.404663 0.000000 1152.101074 0.000000 0.874010 0.000000 0.485909 1.000000 1.000000 1.000000
1811.875366 0.000000 1157.113403 0.000000 0.906126 0.000000 0.423009 1.000000 1.000000 1.000000
1805.099976 0.000000 1183.973999 0.000000 0.994957 0.000000 0.100303 1.000000 1.000000 1.000000
1800.660034 0.000000 1186.055298 0.000000 0.943064 0.000000 -0.332611 1.000000 1.000000 1.000000
1795.909058 0.000000 1195.003174 0.000000 0.999271 0.000000 -0.038164 1.000000 1.000000 1.000000
1792.595337 0.000000 1194.631226 0.000000 0.998531 0.000000 -0.054178 1.000000 1.000000 1.000000
"}
object={
	name="tree_pine_01_a_generator_1_2"
	render_pass=Map
	clamp_to_water_level=no
	generated_content=yes
	layer="tree_high_layer"
	pdxmesh="tree_pine_single_01_c_mesh"
	count=116
	transform="1592.645386 0.000000 1140.367310 0.000000 0.175001 0.000000 -0.984568 1.000000 1.000000 1.000000
1581.650391 0.000000 1140.468506 0.000000 0.425316 0.000000 -0.905045 1.000000 1.000000 1.000000
1586.365845 0.000000 1148.407104 0.000000 0.305128 0.000000 -0.952312 1.000000 1.000000 1.000000
1596.531494 0.000000 1136.222534 0.000000 0.034365 0.000000 -0.999409 1.000000 1.000000 1.000000
1582.033936 0.000000 1144.538818 0.000000 0.571755 0.000000 -0.820425 1.000000 1.000000 1.000000
1596.368652 0.000000 1138.595703 0.000000 0.830499 0.000000 -0.557020 1.000000 1.000000 1.000000
1582.597412 0.000000 1146.933960 0.000000 0.073247 0.000000 -0.997314 1.000000 1.000000 1.000000
1582.327759 0.000000 1142.562378 0.000000 0.465889 0.000000 -0.884843 1.000000 1.000000 1.000000
1594.048706 0.000000 1141.636963 0.000000 0.527822 0.000000 -0.849355 1.000000 1.000000 1.000000
1597.533691 0.000000 1137.456787 0.000000 0.499865 0.000000 -0.866103 1.000000 1.000000 1.000000
1595.762207 0.000000 1137.393799 0.000000 0.721542 0.000000 -0.692371 1.000000 1.000000 1.000000
1583.723267 0.000000 1147.139282 0.000000 0.740266 0.000000 -0.672315 1.000000 1.000000 1.000000
1620.968506 0.000000 1147.060669 0.000000 0.784410 0.000000 -0.620243 1.000000 1.000000 1.000000
1622.726440 0.000000 1102.325928 0.000000 0.571582 0.000000 -0.820545 1.000000 1.000000 1.000000
1633.672241 0.000000 1128.879639 0.000000 0.811863 0.000000 -0.583848 1.000000 1.000000 1.000000
1656.699219 0.000000 1127.607056 0.000000 0.182824 0.000000 -0.983146 1.000000 1.000000 1.000000
1616.370483 0.000000 1150.160278 0.000000 0.377503 0.000000 -0.926008 1.000000 1.000000 1.000000
1625.707886 0.000000 1143.805664 0.000000 0.522676 0.000000 -0.852532 1.000000 1.000000 1.000000
1644.970947 0.000000 1113.687256 0.000000 0.221339 0.000000 -0.975197 1.000000 1.000000 1.000000
1626.408813 0.000000 1134.532959 0.000000 0.579785 0.000000 -0.814770 1.000000 1.000000 1.000000
1661.952271 0.000000 1120.699341 0.000000 0.309874 0.000000 -0.950778 1.000000 1.000000 1.000000
1626.568115 0.000000 1137.466431 0.000000 0.624268 0.000000 -0.781210 1.000000 1.000000 1.000000
1632.840698 0.000000 1125.822021 0.000000 0.004092 0.000000 -0.999992 1.000000 1.000000 1.000000
1626.852661 0.000000 1112.675659 0.000000 0.463730 0.000000 -0.885976 1.000000 1.000000 1.000000
1642.466187 0.000000 1112.355469 0.000000 0.574503 0.000000 -0.818502 1.000000 1.000000 1.000000
1645.479858 0.000000 1111.074219 0.000000 0.475012 0.000000 -0.879979 1.000000 1.000000 1.000000
1629.194336 0.000000 1134.420654 0.000000 0.024977 0.000000 -0.999688 1.000000 1.000000 1.000000
1611.076660 0.000000 1143.520386 0.000000 0.235507 0.000000 -0.971873 1.000000 1.000000 1.000000
1631.849365 0.000000 1130.270996 0.000000 0.486544 0.000000 -0.873656 1.000000 1.000000 1.000000
1620.253052 0.000000 1128.385742 0.000000 0.579321 0.000000 -0.815099 1.000000 1.000000 1.000000
1647.367554 0.000000 1138.069336 0.000000 0.628716 0.000000 -0.777635 1.000000 1.000000 1.000000
1651.831177 0.000000 1100.888428 0.000000 0.844969 0.000000 -0.534815 1.000000 1.000000 1.000000
1632.228516 0.000000 1122.147949 0.000000 0.649478 0.000000 -0.760381 1.000000 1.000000 1.000000
1623.235962 0.000000 1130.692261 0.000000 0.805670 0.000000 -0.592365 1.000000 1.000000 1.000000
1623.797485 0.000000 1133.517090 0.000000 0.789104 0.000000 -0.614260 1.000000 1.000000 1.000000
1628.370361 0.000000 1128.443359 0.000000 0.839779 0.000000 -0.542929 1.000000 1.000000 1.000000
1620.946899 0.000000 1149.109131 0.000000 0.325942 0.000000 -0.945390 1.000000 1.000000 1.000000
1617.619995 0.000000 1148.893311 0.000000 0.018518 0.000000 -0.999829 1.000000 1.000000 1.000000
1629.240112 0.000000 1132.851074 0.000000 0.771174 0.000000 -0.636624 1.000000 1.000000 1.000000
1629.720703 0.000000 1122.628174 0.000000 0.803216 0.000000 -0.595688 1.000000 1.000000 1.000000
1648.706299 0.000000 1102.539795 0.000000 0.554945 0.000000 -0.831887 1.000000 1.000000 1.000000
1628.846802 0.000000 1126.889160 0.000000 0.497659 0.000000 -0.867373 1.000000 1.000000 1.000000
1649.870239 0.000000 1103.157104 0.000000 0.625585 0.000000 -0.780156 1.000000 1.000000 1.000000
1647.643921 0.000000 1114.700806 0.000000 0.057019 0.000000 -0.998373 1.000000 1.000000 1.000000
1672.167114 0.000000 1117.333374 0.000000 0.438717 0.000000 -0.898625 1.000000 1.000000 1.000000
1674.362305 0.000000 1149.712769 0.000000 0.040982 0.000000 -0.999160 1.000000 1.000000 1.000000
1670.586548 0.000000 1103.758423 0.000000 0.509273 0.000000 -0.860605 1.000000 1.000000 1.000000
1664.331177 0.000000 1126.835327 0.000000 0.816715 0.000000 -0.577041 1.000000 1.000000 1.000000
1676.546875 0.000000 1117.193726 0.000000 0.317091 0.000000 -0.948395 1.000000 1.000000 1.000000
1672.366577 0.000000 1127.641602 0.000000 0.751264 0.000000 -0.660001 1.000000 1.000000 1.000000
1677.613403 0.000000 1147.928223 0.000000 0.670974 0.000000 -0.741481 1.000000 1.000000 1.000000
1695.157227 0.000000 1140.205078 0.000000 0.843282 0.000000 -0.537471 1.000000 1.000000 1.000000
1677.388550 0.000000 1150.958984 0.000000 0.625379 0.000000 -0.780321 1.000000 1.000000 1.000000
1666.849609 0.000000 1114.401245 0.000000 0.510381 0.000000 -0.859949 1.000000 1.000000 1.000000
1669.749634 0.000000 1115.519897 0.000000 0.683768 0.000000 -0.729699 1.000000 1.000000 1.000000
1664.788208 0.000000 1106.336548 0.000000 0.278101 0.000000 -0.960552 1.000000 1.000000 1.000000
1696.913086 0.000000 1141.532227 0.000000 0.116959 0.000000 -0.993137 1.000000 1.000000 1.000000
1671.333862 0.000000 1125.928467 0.000000 0.344527 0.000000 -0.938776 1.000000 1.000000 1.000000
1668.914795 0.000000 1117.138184 0.000000 0.851726 0.000000 -0.523987 1.000000 1.000000 1.000000
1694.597534 0.000000 1138.468872 0.000000 0.843891 0.000000 -0.536515 1.000000 1.000000 1.000000
1675.608032 0.000000 1150.899048 0.000000 0.589432 0.000000 -0.807818 1.000000 1.000000 1.000000
1669.852905 0.000000 1105.358887 0.000000 0.819013 0.000000 -0.573775 1.000000 1.000000 1.000000
1668.035034 0.000000 1115.657349 0.000000 0.678421 0.000000 -0.734674 1.000000 1.000000 1.000000
1696.671143 0.000000 1139.298828 0.000000 0.292411 0.000000 -0.956293 1.000000 1.000000 1.000000
1698.795044 0.000000 1141.434814 0.000000 0.519555 0.000000 -0.854437 1.000000 1.000000 1.000000
1693.326538 0.000000 1139.410278 0.000000 0.631807 0.000000 -0.775126 1.000000 1.000000 1.000000
1693.986084 0.000000 1137.524902 0.000000 0.783486 0.000000 -0.621409 1.000000 1.000000 1.000000
1696.230591 0.000000 1140.484497 0.000000 0.107983 0.000000 -0.994153 1.000000 1.000000 1.000000
1768.323730 0.000000 1149.959473 0.000000 0.851764 0.000000 -0.523926 1.000000 1.000000 1.000000
1773.650391 0.000000 1140.468506 0.000000 0.165322 0.000000 -0.986240 1.000000 1.000000 1.000000
1778.365845 0.000000 1148.407104 0.000000 0.191022 0.000000 -0.981586 1.000000 1.000000 1.000000
1775.768066 0.000000 1143.587402 0.000000 0.098700 0.000000 -0.995117 1.000000 1.000000 1.000000
1781.727539 0.000000 1147.854614 0.000000 0.352666 0.000000 -0.935749 1.000000 1.000000 1.000000
1583.760254 0.000000 1158.595703 0.000000 0.347283 0.000000 -0.937760 1.000000 1.000000 1.000000
1582.709351 0.000000 1155.361328 0.000000 0.193606 0.000000 -0.981079 1.000000 1.000000 1.000000
1584.911255 0.000000 1152.058228 0.000000 0.027197 0.000000 -0.999630 1.000000 1.000000 1.000000
1661.653442 0.000000 1152.806396 0.000000 0.095419 0.000000 -0.995437 1.000000 1.000000 1.000000
1646.322510 0.000000 1169.055664 0.000000 0.383426 0.000000 -0.923571 1.000000 1.000000 1.000000
1633.075317 0.000000 1160.515991 0.000000 0.127527 0.000000 -0.991835 1.000000 1.000000 1.000000
1651.167358 0.000000 1162.150757 0.000000 0.482892 0.000000 -0.875680 1.000000 1.000000 1.000000
1661.974243 0.000000 1156.018677 0.000000 0.552183 0.000000 -0.833723 1.000000 1.000000 1.000000
1648.612061 0.000000 1170.905029 0.000000 0.344313 0.000000 -0.938855 1.000000 1.000000 1.000000
1649.111206 0.000000 1168.144043 0.000000 0.163590 0.000000 -0.986528 1.000000 1.000000 1.000000
1661.251587 0.000000 1170.173706 0.000000 0.487129 0.000000 -0.873330 1.000000 1.000000 1.000000
1633.140991 0.000000 1162.909058 0.000000 0.862850 0.000000 -0.505461 1.000000 1.000000 1.000000
1635.069214 0.000000 1158.123657 0.000000 0.537621 0.000000 -0.843187 1.000000 1.000000 1.000000
1637.940063 0.000000 1162.897705 0.000000 0.652494 0.000000 -0.757794 1.000000 1.000000 1.000000
1634.613037 0.000000 1161.560913 0.000000 0.417155 0.000000 -0.908836 1.000000 1.000000 1.000000
1634.233521 0.000000 1163.983154 0.000000 0.059214 0.000000 -0.998245 1.000000 1.000000 1.000000
1634.062622 0.000000 1171.264893 0.000000 0.856134 0.000000 -0.516753 1.000000 1.000000 1.000000
1649.182129 0.000000 1161.999634 0.000000 0.793446 0.000000 -0.608641 1.000000 1.000000 1.000000
1639.792480 0.000000 1159.683472 0.000000 0.828452 0.000000 -0.560060 1.000000 1.000000 1.000000
1719.588867 0.000000 1195.575195 0.000000 0.777759 0.000000 -0.628563 1.000000 1.000000 1.000000
1664.016602 0.000000 1158.866577 0.000000 0.667786 0.000000 -0.744353 1.000000 1.000000 1.000000
1676.537231 0.000000 1161.006348 0.000000 0.640495 0.000000 -0.767962 1.000000 1.000000 1.000000
1678.881958 0.000000 1161.097046 0.000000 0.690469 0.000000 -0.723362 1.000000 1.000000 1.000000
1679.197876 0.000000 1158.488525 0.000000 0.696939 0.000000 -0.717130 1.000000 1.000000 1.000000
1786.416138 0.000000 1165.527710 0.000000 0.723850 0.000000 -0.689957 1.000000 1.000000 1.000000
1743.584717 0.000000 1184.958496 0.000000 0.844342 0.000000 -0.535804 1.000000 1.000000 1.000000
1743.404663 0.000000 1152.101074 0.000000 0.451606 0.000000 -0.892217 1.000000 1.000000 1.000000
1744.257935 0.000000 1159.456543 0.000000 0.486997 0.000000 -0.873403 1.000000 1.000000 1.000000
1747.875366 0.000000 1157.113403 0.000000 0.288696 0.000000 -0.957421 1.000000 1.000000 1.000000
1748.391357 0.000000 1168.639160 0.000000 0.436329 0.000000 -0.899787 1.000000 1.000000 1.000000
1787.632568 0.000000 1161.393555 0.000000 0.797952 0.000000 -0.602721 1.000000 1.000000 1.000000
1731.198608 0.000000 1184.385498 0.000000 0.259092 0.000000 -0.965852 1.000000 1.000000 1.000000
1748.695923 0.000000 1154.732422 0.000000 0.080871 0.000000 -0.996725 1.000000 1.000000 1.000000
1783.301025 0.000000 1158.958862 0.000000 0.610764 0.000000 -0.791812 1.000000 1.000000 1.000000
1746.337402 0.000000 1158.711670 0.000000 0.173427 0.000000 -0.984847 1.000000 1.000000 1.000000
1788.512573 0.000000 1193.554688 0.000000 0.075481 0.000000 -0.997147 1.000000 1.000000 1.000000
1759.678101 0.000000 1164.877808 0.000000 0.808777 0.000000 -0.588116 1.000000 1.000000 1.000000
1729.754883 0.000000 1187.253296 0.000000 0.118365 0.000000 -0.992970 1.000000 1.000000 1.000000
1811.637207 0.000000 1161.028809 0.000000 0.252191 0.000000 -0.967677 1.000000 1.000000 1.000000
1804.546875 0.000000 1181.193726 0.000000 0.660521 0.000000 -0.750808 1.000000 1.000000 1.000000
1813.783325 0.000000 1163.341919 0.000000 0.253815 0.000000 -0.967253 1.000000 1.000000 1.000000
1813.727051 0.000000 1156.411743 0.000000 0.013123 0.000000 -0.999914 1.000000 1.000000 1.000000
1805.877563 0.000000 1180.985352 0.000000 0.615675 0.000000 -0.788000 1.000000 1.000000 1.000000
"}
